7723.51	21523393150
7715.40	28737137110
7704.82	6013808720
7701.22	37420692580
7698.89	17583460400
7697.73	3656701090
7692.81	23855703160
7692.33	11375268840
7688.17	25141531330
7686.25	29634971020
7683.17	10150782010
7681.04	14789705650
7680.36	28354407910
7678.40	32019327850
7675.66	12506100840
7675.30	27188858710
7675.12	40515336490
7674.51	10533512970
7674.42	33329945790
7670.26	34502710830
7669.39	19478121340
7669.00	4646061140
7667.42	36656937090
7667.18	22727500280
7664.34	40803696410
7660.27	8552530620
7653.27	8298084890
7645.87	4357701380
7639.06	28098954000
7633.40	28932901280
7619.30	10992539800
7617.43	23567346440
7594.90	13685516140
7592.54	28812153800
7587.27	26245741660
7583.14	30773497700
7579.20	32896309920
7546.00	111351600
7540.07	24508619930
7533.91	18584713390
7531.27	18624005720
7526.81	16090761610
7526.73	14904165100
7524.71	239921110
7524.64	42359036740
7524.09	42157824050
7523.84	19616231970
7519.61	19434373460
7516.62	25024473820
7515.20	33958923350
7506.25	5631080160
7504.83	1774171960
7500.50	4986913770
7499.28	9181671490
7496.07	16354527390
7491.16	6055262840
7488.12	37818386430
7487.69	39244419560
7483.94	2530289440
7482.15	13038850830
7481.28	39666306160
7476.91	17994721510
7476.75	20455269020
7476.69	12494080310
7475.30	824336830
7473.52	3315835660
7473.26	3735761780
7470.87	21084562850
7470.62	7481521550
7469.45	20874206180
7466.99	22736953510
7466.40	15955523780
7466.03	3022806650
7465.92	42740279610
7465.53	8596930090
7459.76	40070855310
7457.53	4067605890
7449.77	21595854800
7400.17	14543129610
7399.68	27808990510
7395.27	5476906520
7384.46	24800666220
7384.18	17780887240
7383.96	19658181220
7382.39	1061298080
7382.23	15801677660
7380.03	17365418030
7378.34	26058865690
7374.84	23951005990
7366.05	38221230560
7365.67	7747241840
7363.60	11282656950
7362.57	12836508710
7362.43	24646492340
7359.55	21726063030
7357.37	41144323780
7357.22	32317953280
7355.71	29581555730
7354.59	528280550
7353.73	33693069880
7352.85	20692982930
7350.48	2487146950
7350.34	22993686270
7349.57	31052505490
7348.87	9521651380
7348.63	6344147470
7348.12	39532779160
7347.14	5359159130
7344.54	31187853580
7344.27	35863303410
7342.47	25646416060
7340.76	37286180220
7338.89	8394260450
7337.74	10280721100
7337.66	3522516330
7336.95	14282222540
7336.01	6735392750
7335.72	18849134210
7334.37	21162563700
7333.24	35570937460
7333.22	36027961450
7331.83	13477844890
7330.93	38561890910
7330.73	31275817930
7329.60	16229972040
7327.82	11565933710
7326.61	40387545020
7320.53	31486699420
7319.77	16364157360
7318.81	36863968260
7316.53	18782140230
7315.77	20533566330
7314.72	2943592860
7313.70	30646840610
7310.16	26450445450
7310.07	1241358680
7309.93	10781141230
7309.50	2370873560
7308.58	41785581410
7308.27	31007465940
7305.25	41516568980
7301.02	2241932560
7298.05	16983801360
7297.78	35138804370
7297.75	5900143870
7296.82	16602215480
7296.57	1369428310
7294.97	35240550090
7294.70	13652989490
7294.11	12708442960
7293.75	9820497060
7293.26	40941653340
7293.15	23781102430
7288.36	27973648630
7288.04	7602244600
7286.75	36150768380
7284.39	18212467390
7283.41	5426153350
7282.00	7448399040
7281.76	13123118600
7281.24	12004531990
7279.14	26275628610
7278.98	37694813800
7278.89	32199715490
7278.62	9723994220
7275.81	34941704570
7275.09	12963703360
7272.12	42018396570
7270.23	23226501510
7266.19	37848986960
7264.64	34172303280
7261.85	1901087950
7260.42	17158947800
7258.45	36367695500
7258.27	31904978660
7257.50	11705689510
7256.55	34705054710
7255.55	3181650900
7245.81	35150358540
7244.79	22854258230
7244.07	27087112910
7243.89	38644760440
7243.63	7326013160
7241.93	17231232710
7241.37	25275715130
7240.81	30507086170
7239.73	40899543860
7239.29	15326280490
7238.32	30176788740
7237.42	27385957790
7237.20	31816984050
7236.33	36987337260
7236.20	22152584560
7235.47	34448534560
7233.50	29366256680
7233.01	1528844190
7232.63	12409597920
7229.56	38953136510
7227.47	13951835490
7222.16	42027099060
7220.95	10440136260
7220.39	27519123160
7220.18	26647874130
7219.85	11235513040
7214.44	28602624030
7208.77	8309557300
7208.16	23995131200
7206.08	4448633740
7204.34	10735855810
7201.74	33190191430
7199.59	40601025970
7196.92	36408720890
7170.62	22584672690
7160.80	11410169280
7158.38	20563240660
7136.80	4780571260
7136.15	27344466760
7133.42	23152012880
7132.50	33459101480
7128.76	8039070230
7125.80	7118122110
7123.69	38850247950
7122.21	9309967300
7120.82	37931601030
7118.03	28315880960
7113.81	3560615420
7112.55	34322322630
7111.86	13914071460
7110.11	19137494290
7109.58	33735610830
7108.71	26687944340
7106.63	40108508920
7104.81	30210706220
7102.98	14943551770
7097.54	20063677530
7093.59	15533213010
7091.72	32700682800
7089.68	5859635560
7081.05	29067414360
7077.42	17487965470
7074.70	1666200240
7074.03	32746187990
7073.13	9567673650
7070.08	28945052590
7069.69	14664953820
7069.15	41100735810
7068.80	8095414450
7066.67	37576902890
7064.48	24862388840
7064.03	4574361850
7061.18	1271782470
7060.47	25934776300
7059.70	29794059860
7052.54	42570376130
6996.40	22524830400
6977.59	20161323210
6975.91	3945058290
6968.83	21811752430
6950.17	13421582430
6943.02	26109593140
6940.36	19317554170
6939.75	9321426570
6937.23	33031103150
6936.19	21033622780
6935.50	16942876150
6935.01	14489809220
6933.39	32859771080
6929.65	4789486370
6929.39	40245672870
6922.44	27716222240
6921.22	38696074790
6921.01	5724998710
6917.03	39069602000
6914.19	7271967670
6913.68	19850367020
6911.82	24987357450
6910.83	33991915080
6909.74	36274208530
6904.14	59860510
6901.00	8169802220
6897.14	17871819520
6896.39	15656680340
6894.41	30805929450
6893.53	24274249380
6893.32	869112360
6890.33	6230408000
6870.56	42498464220
6862.00	35953668580
6397.28	983425910
6379.63	7864253150
6377.92	38106745710
6371.75	4202118730
6359.19	15631270710
6354.18	42786821580
6352.08	19904589170
6346.98	18409895030
6344.40	19823406750
6340.15	33666387690
6339.58	348220750
6335.30	41646153130
6331.62	10852784480
6331.45	18069247160
6327.25	38195466050
6326.07	39820152200
6323.75	20030427380
6320.42	33279041680
6317.95	26620851280
6317.50	23706774000
6316.79	30481616200
6315.93	7772583730
6314.84	20274880900
6310.04	6613139440
6309.75	4160274460
6308.53	13978543040
6308.41	9022584250
6307.61	39357962080
6307.50	2082515880
6305.69	28432290020
6301.84	22014422790
6300.99	2809407620
6299.53	10353124050
6297.68	14068244540
6297.11	28219895630
6295.67	5161732210
6294.46	26534099020
6294.13	21321979820
6289.15	3810873050
6286.89	39873426710
6285.03	40312666850
6284.33	18022511450
6282.85	33355309580
6275.48	10810390610
6264.01	39414753730
6262.22	3731000790
6255.19	23752199010
6255.06	16988504850
6253.02	3760287800
6250.17	22130216340
6249.57	31789909120
6248.68	10304095200
6247.96	20398153390
6247.02	28340031020
6246.68	42005349670
6246.63	39082119260
6245.97	27124672940
6245.92	13128882970
6245.01	20087648230
6243.86	22101830410
6243.44	40364562800
6243.10	18471540620
6240.11	4039155390
6237.29	42387094070
6237.18	37020883790
6236.60	15354666120
6236.33	42211031360
6233.71	283952740
6233.19	34564274820
6227.47	9126088400
6226.09	30032159350
6223.49	29500400970
6223.20	41651822840
6222.11	4932395720
6220.86	765811980
6219.46	12274142930
6218.78	25245117720
6208.00	9416015910
6205.06	22285827810
6203.48	13100415140
6202.16	1112694190
6198.11	17988720100
6197.05	41252335030
6195.27	7656339110
6191.81	6589783100
6191.12	2650097810
6190.07	29993573520
6189.90	37150139320
6187.26	24338229440
6186.37	6171384730
6183.63	37393126430
6181.25	15590078800
6180.61	37643241270
6180.31	3932861100
6179.64	405033980
6178.67	39125921930
6177.03	20743628300
6176.43	39380962380
6175.39	20122096200
6175.34	19775320810
6175.25	16171440490
6174.65	13531342260
6173.40	4439849490
6173.01	32501860340
6172.91	12250778990
6171.77	39954663360
6170.35	18414374100
6169.46	16445787750
6169.25	26399587780
6167.04	31217591640
6166.11	2931546370
6165.40	25488060880
6164.13	21276420570
6162.71	22107853720
6161.86	22308840670
6161.34	35857574960
6161.31	33076370520
6160.97	24299969190
6160.35	20922252630
6159.66	642683320
6159.23	24395405410
6158.33	12646388930
6156.79	3206513710
6155.68	31457967120
6155.32	18201135760
6154.11	12236320020
6151.75	18972264920
6150.24	10022839100
6150.05	10141292820
6149.28	36629308350
6147.54	25764364070
6147.27	28382686810
6146.98	15113962560
6145.61	24244713480
6144.13	7982269620
6143.97	14164251830
6143.93	13342419180
6143.84	15377827620
6140.93	33793748860
6139.20	33721151860
6138.88	15555714030
6138.79	18903041820
6137.75	15686608280
6137.71	21841818450
6137.16	37988824260
6136.59	40527300900
6136.00	30531873510
6135.56	39935073260
6135.15	20427358480
6134.95	25221574420
6132.94	28074614940
6132.31	9045732870
6132.29	29959290670
6131.69	26913691610
6130.95	38378150570
6129.41	35413279550
6128.72	13391857250
6128.28	31765552300
6127.81	15143167710
6127.59	20320739330
6126.95	31664667750
6126.22	2024379130
6124.79	41622617750
6123.58	13776690090
6123.48	41313899340
6123.42	376648050
6122.75	34856699650
6122.33	6919156410
6121.50	3363515620
6121.29	23543821220
6120.45	35398902660
6120.24	1954559360
6118.81	13885029640
6118.40	25458773870
6116.88	16914292170
6114.47	16730623010
6114.24	26822691770
6114.01	1924945650
6113.94	17077060670
6112.16	16864770900
6111.81	16736400000
6111.75	12202528650
6108.22	21380212510
6107.44	22359712410
6107.35	37121850100
6106.13	6555909810
6103.36	36579132960
6100.77	11015719060
6099.89	10579563740
6099.66	16786701480
6099.57	2815137350
6099.28	9788261270
6098.31	6852350560
6098.07	40485890070
6093.45	16470282970
6092.69	40435795320
6092.48	10179836550
6091.75	14398460370
6091.71	17896458540
6091.58	34587961000
6090.83	38447659760
6088.10	35594646840
6087.88	41551180550
6087.04	40759788780
6086.92	1485812040
6086.41	16959956380
6086.17	23267584020
6085.32	42809706720
6084.14	1741671270
6083.55	3972961230
6083.37	21891174620
6083.32	25532776930
6082.11	26717383320
6082.03	17356046880
6080.32	11965661220
6077.36	28019768850
6077.09	30060461130
6076.45	12207255320
6076.43	23489222170
6076.33	1802742900
6073.81	31252121590
6072.44	24372512350
6071.05	35437649410
6070.92	2907670590
6069.47	2267368450
6069.32	31693707720
6068.14	24428422460
6067.88	10229849320
6065.67	2295289150
6065.26	42368033290
6065.13	41912188400
6064.40	799685250
6063.78	35370843560
6063.61	6488816790
6062.03	17622478550
6061.92	23360173660
6061.59	35442401440
6060.36	2058007940
6060.08	31636595930
6058.64	18172695580
6056.13	8015898410
6056.03	11079987070
6054.66	21345847680
6054.54	14129803800
6054.26	31306311300
6053.60	16764333740
6053.07	11070400010
6052.32	11870806380
6052.07	5157320880
6051.40	31513467310
6051.06	36162146210
6049.26	7163218780
6048.43	26670864110
6048.35	29525211510
6047.57	38349602100
6045.04	26885305700
6044.33	22325839140
6044.15	38807527020
6041.92	25798893960
6040.39	9016445800
6040.11	6947786820
6039.91	42942621650
6039.33	4333722920
6036.96	689052560
6036.86	13855907750
6035.97	7901087880
6035.93	38250147020
6034.60	11864776670
6034.47	20136805110
6033.05	29204125980
6032.71	19878824960
6032.41	9993124080
6031.97	37955113530
6031.59	23365929070
6031.35	34998598360
6030.91	29237754770
6030.67	33305788290
6029.93	24153348110
6028.14	32267282510
6027.72	2780854440
6027.59	5186360910
6027.42	13928448350
6027.03	34828231820
6026.97	34275915220
6026.02	35729118170
6025.52	39851076650
6025.06	19261152160
6024.61	32078269360
6023.24	841335300
6023.15	38067056920
6022.37	32535571050
6022.26	9810974890
6021.22	41343996000
6021.10	11995571080
6020.38	7717984700
6016.98	36996744050
6016.84	26746423350
6014.10	41528848570
6012.29	35650065110
6012.10	41309548030
6011.13	26890013030
6010.05	23238030360
6008.31	17860209230
6007.86	15078981940
6006.19	19001386870
6005.45	11842257890
6004.37	11593417780
6003.88	30267634590
6003.38	27095922560
6003.13	1831373290
6002.38	15066308600
6002.03	10027654030
6001.90	34118339230
6000.74	8724565580
6000.01	23388804050
5995.99	5203441140
5995.60	30893088890
5994.94	24683764530
5993.94	27496918780
5993.54	18385906250
5991.47	27674805190
5991.44	37115774550
5990.21	10983811590
5989.43	15915944770
5986.62	22968741700
5986.00	5689199170
5979.05	28311400610
5976.48	23578759830
5975.67	33402281850
5973.59	28614726960
5970.59	21735610600
5961.03	30593437820
5960.27	36565122900
5954.41	12824275320
5949.55	10275055230
5949.09	29128157690
5947.03	29743801670
5946.98	25885419150
5946.47	27945558730
5945.93	32583250210
5943.74	14716522750
5942.98	8753845600
5942.11	12633508350
5935.31	40393684750
5934.49	14428162670
5934.46	42769823110
5934.32	33759957490
5933.77	39508654010
5933.06	25502687710
5933.05	36868373190
5932.58	35892022990
5932.34	32294893170
5926.97	6874861900
5925.06	33430830340
5924.99	18878420880
5923.72	39636227260
5923.70	8566989590
5923.62	21304981350
5923.26	5231241400
5922.08	38424797500
5920.36	5660813260
5916.78	36839168040
5913.73	666684660
5912.01	30238347520
5906.21	4073685280
5901.43	8601272440
5897.43	6459744170
5895.86	4278222790
5894.36	8474786830
5892.11	10776679900
5886.94	27979432020
5884.30	23785827820
5883.12	42647393300
5880.25	8882828370
5879.19	6889238790
5874.34	8692286500
5870.25	27901854120
5870.23	33873457280
5868.21	15203009980
5865.02	33576194150
5864.29	42865044350
5860.18	896181370
5854.50	5399493060
5850.97	19029194570
5849.94	39698609630
5849.82	34885442110
5848.75	32477042360
5847.57	38407717270
5845.51	35768036780
5845.51	17951222690
5844.68	28107833150
5841.04	15878436320
5840.98	29231744400
5838.07	20186980440
5834.70	39900514740
5833.39	5601298030
5833.17	4023218480
5833.09	15172435170
5832.90	15708030650
5832.19	33489034870
5828.95	14107077140
5828.77	12756636970
5827.91	1875342460
5827.62	36791449930
5823.10	24220260010
5820.35	6437994760
5817.69	31435234050
5812.45	25821233700
5811.33	30347997810
5809.33	28513308600
5806.94	30017700380
5792.16	21968098400
5778.27	13262546160
5767.47	36666541340
5762.78	30390766580
5747.65	12111351430
5261.26	15432426650
5247.09	33764650800
5232.79	28002770520
5200.01	42436615320
5199.56	36229820160
5192.38	8229029640
5185.34	34082108460
5176.33	27607186180
5173.62	11341640070
5165.22	9092459630
5163.64	23889413910
5161.91	10246929730
5157.78	3702051050
5156.28	29880400770
5155.62	1808536790
5155.51	13219239830
5154.01	37194170970
5153.87	6642990430
5153.77	39325379310
5152.47	27750013630
5148.47	40421418290
5146.60	17018084270
5143.97	32447342310
5141.04	35533087900
5139.49	41738739620
5123.13	6142344740
5122.57	8927235220
5120.31	15404841510
5117.32	30555992270
5114.69	34747377680
5110.29	14744990560
5109.94	36496130550
5108.36	26304750540
5107.58	32612455340
5107.57	18928515630
5104.89	20950801080
5103.72	5977558610
5103.35	25857033200
5103.08	36363255870
5102.54	13623949500
5101.32	30835134580
5099.19	26961738040
5096.99	39990491490
5095.82	39155043860
5095.35	32953197570
5092.43	40893561750
5089.75	34613712890
5088.26	6825258690
5087.88	38474318770
5087.49	28816517850
5086.05	15502835020
5084.24	10445941510
5082.91	33113924810
5081.17	318482650
5074.97	4568319400
5073.06	8090912240
5070.93	7197501650
5070.06	30087415000
5063.75	29445801940
5057.42	25558187840
5056.03	38773162210
5053.77	27803302940
5053.58	11287040020
5052.54	32240212220
5051.44	14372744400
5048.66	23946225700
5045.96	4898522470
5041.62	38047804180
5039.47	42541267710
5036.09	35999994710
5035.95	8124786830
5031.45	24366856940
5031.02	15561843420
5028.52	15483938400
5028.23	7920655140
5027.21	27837587090
5026.93	33855336620
5026.05	20013338040
5025.28	25963980130
5024.31	33935103850
5022.22	18678606070
5020.94	11465014110
5019.21	14635668050
5016.14	19227360830
5015.84	18489492640
5015.33	9279934440
5015.05	11612839160
5014.02	20845164890
5009.63	31247350100
5007.42	1845750320
5004.87	33058587220
5004.23	26593109980
5003.36	22949670760
5003.19	12340973890
5002.47	40747294400
5002.31	26810619910
5002.02	36550811480
5000.31	9617850300
5000.01	30334446670
4997.13	16887620440
4997.07	36774922200
4996.79	6373726770
4996.32	30745103560
4995.37	13789020310
4994.44	10592454480
4993.76	28628388220
4993.71	20092063460
4992.58	3072900100
4992.39	28202626930
4991.30	11671814920
4990.95	41050477260
4990.42	30299918000
4988.50	18551085840
4988.01	13203973940
4988.00	19275284620
4986.76	36391722400
4985.31	22029292100
4985.00	22888050840
4984.01	33503215690
4983.88	24476096910
4983.44	5830716740
4982.94	4915083620
4980.88	15454815230
4980.61	3219906450
4980.03	4096073740
4979.83	31353067590
4979.51	27886566650
4977.34	40137742900
4975.93	33826786850
4975.72	5309639140
4975.07	9428246170
4973.13	8503009330
4972.35	36602338060
4972.23	42836424770
4969.93	29142479430
4969.74	30452405220
4969.72	35620293610
4969.09	28236501500
4968.89	12300791760
4968.78	32924074380
4966.47	9875179290
4966.00	22597197710
4965.33	41834938860
4963.91	33643057110
4963.26	15290418040
4962.82	37960888040
4961.61	8833389020
4960.63	42244742110
4960.38	6584017550
4958.71	41240490890
4958.14	41461968650
4957.44	28048859310
4955.81	36897597050
4954.78	4803631390
4954.75	11553897650
4953.26	1448643930
4952.03	4421887150
4951.89	8278632870
4950.55	27202049130
4948.44	36180382110
4948.17	38923252290
4947.63	9334092470
4946.82	36932492450
4946.59	42681267850
4946.08	34132203170
4945.09	8988873540
4943.39	2961242640
4943.28	7643655450
4943.28	37656270090
4943.10	17287347330
4941.28	27657198970
4940.62	35032389750
4940.49	1638084860
4940.32	22171993020
4940.25	21056437150
4939.85	12390493900
4939.35	23006072770
4939.30	18262725920
4939.07	24134927410
4938.63	32717763050
4937.82	26088089510
4935.53	17183268820
4935.37	30879875270
4935.26	30244416930
4935.22	21148748600
4934.75	18505988610
4934.63	32353872290
4932.22	6400753690
4931.48	26215867600
4930.69	37438498760
4930.64	5771735700
4929.98	11098747970
4928.80	19458579800
4928.67	21995664570
4928.21	39570237450
4926.86	38272515080
4926.35	9704767040
4926.01	30140988870
4925.56	578457160
4925.43	11627782570
4924.66	36919985310
4923.68	24447055600
4923.42	26363691910
4922.02	32874105700
4921.44	4752335920
4920.38	18226817410
4919.78	16583946100
4919.56	511160410
4919.18	39588033590
4919.17	16546714070
4919.13	14514180150
4917.82	6382658470
4917.80	86525820
4917.77	36303495580
4916.19	23517171110
4915.34	12354343550
4914.57	2186513070
4914.06	33900737780
4913.99	13715126080
4913.02	40961266640
4913.01	13567547670
4912.62	12328907100
4912.42	38668098740
4910.72	7027167640
4908.72	25256431750
4908.61	28915765900
4908.43	35309199960
4906.14	4308263290
4905.62	206211640
4905.14	35253863670
4905.09	21134574380
4905.06	19801010850
4904.60	20592016600
4904.46	40832736420
4903.18	13237683370
4902.68	15345837590
4902.63	37761251660
4902.46	22934458810
4902.27	7302974660
4901.40	40332044510
4901.19	2356853460
4898.45	20780882110
4898.28	6217540460
4897.94	14593388180
4897.91	7084329440
4897.44	18866873790
4897.15	17094679810
4897.12	41853182400
4895.67	6785486160
4895.67	27018507900
4895.66	18651600980
4895.43	31798853070
4895.11	31854107440
4895.02	38525730540
4894.76	6716485970
4894.57	14502047080
4894.52	8815413840
4894.52	565760740
4893.86	8186427230
4893.78	36809368950
4893.78	34654796120
4893.62	23690581170
4893.33	6771330780
4893.16	38511879360
4891.78	38170973310
4891.53	483594240
4891.42	35178985760
4890.58	29621327520
4890.29	20904175210
4890.00	23122914780
4889.90	10334009710
4889.78	31606136180
4888.87	42056857720
4888.86	32064395260
4888.42	25311933160
4888.02	26097736440
4887.96	34667832660
4886.53	7797417230
4886.31	24849329220
4884.73	7538428220
4884.00	34722514890
4883.73	16524963940
4882.92	38580493410
4881.86	14697303490
4881.26	10869368770
4880.54	36033704120
4879.65	25396719820
4878.25	919207110
4876.68	18084097130
4874.99	25905019570
4874.41	11439572460
4873.58	17060887180
4872.79	270439880
4872.24	31110602640
4870.59	41606598760
4869.56	1693971300
4869.35	14269231840
4867.32	37076221360
4867.02	35783266590
4865.35	2114901750
4864.58	39727895360
4864.14	9732761080
4863.80	42663684790
4862.65	21217408490
4860.99	40297678400
4860.60	14006681580
4859.38	30191000360
4858.76	16642887630
4857.94	2667535150
4856.20	25659138160
4856.14	16157428310
4855.39	20215922260
4854.47	166033870
4852.09	10840902220
4851.93	7380776070
4851.59	7151195600
4848.57	3047097030
4848.30	2998355730
4847.17	8530042480
4846.45	16330856610
4845.39	23718965820
4845.12	10368293840
4843.93	2255107740
4843.40	27915198340
4843.01	27174029090
4842.73	5801430970
4842.73	39928926840
4842.57	38589915670
4842.51	2515912570
4842.35	15276923060
4840.62	18799532300
4840.10	3827101640
4838.83	31323781800
4838.35	3235144080
4837.95	9591160590
4837.75	3377558600
4837.60	6450355620
4836.67	14244287290
4835.92	5370735080
4835.62	37795698370
4835.30	29609289390
4834.49	5876634050
4834.22	41077517950
4833.39	21198842070
4832.76	22759490330
4832.09	38819905600
4832.06	33385201440
4831.90	23317187210
4831.89	21747485380
4831.22	25686622250
4830.96	20726201120
4830.87	1609043570
4830.52	2205750290
4829.79	12471243530
4829.55	35754062720
4829.39	7503899570
4828.32	34484456850
4826.84	14319408510
4826.35	41447664950
4824.68	12054543480
4823.18	3011254190
4822.95	35290152020
4822.72	38676996250
4822.13	9889209510
4822.08	31866504060
4822.00	29433543290
4821.99	22221594930
4821.96	37552215510
4821.63	1295958010
4821.58	12812055220
4821.31	19300229190
4821.17	29823183050
4820.84	6033058780
4820.48	37606094740
4820.16	11916139930
4818.45	32304432940
4818.40	35124922670
4818.18	16534506730
4817.62	1503899620
4817.39	29384185860
4817.10	7291401610
4816.65	9444401800
4816.58	37315221490
4815.73	17342684940
4815.20	31739896350
4814.14	41497841560
4813.76	28969069330
4813.30	7693912740
4812.80	36970078720
4812.46	9838950920
4811.69	17549587150
4811.50	31076975150
4810.60	21456808690
4810.50	30716718950
4810.06	25608879630
4809.09	26187235950
4807.49	13366082240
4807.28	1207567350
4806.07	14770921870
4804.59	32036911190
4804.46	30610591280
4803.76	8332613880
4802.00	77805090
4800.49	41223867160
4799.91	24627444600
4799.22	24531927590
4799.20	13743675870
4798.87	25001816400
4798.08	5665528190
4797.98	34473014540
4797.31	12017074730
4796.63	2620810780
4796.36	18768635130
4795.77	12071837620
4795.56	35320748870
4795.34	23213659450
4795.03	25159928830
4794.94	27073108210
4792.69	18281499660
4792.66	40460490420
4792.58	27316530660
4792.15	5290194760
4791.18	8870915310
4789.85	14926553280
4788.58	31881169480
4788.02	26418537960
4787.69	18811537440
4787.51	1148543900
4787.40	23158814660
4786.80	5345449190
4783.58	25591733810
4783.46	23176408040
4782.99	30122025850
4781.84	27036936240
4781.50	30929231400
4780.42	13512783480
4779.37	8009865080
4773.53	24720958320
4772.96	14336822850
4772.94	21542975810
4772.59	29421676230
4771.54	10205546180
4771.48	17921832350
4770.50	32373454750
4769.96	21867170640
4767.04	28409745480
4765.14	3163586520
4765.04	4174634640
4765.04	32566127390
4764.82	19591375390
4764.36	26776335720
4762.73	39106982070
4762.63	4601946950
4762.36	16142235380
4762.17	11042797110
4760.55	16381602300
4760.09	21047002800
4758.94	6189974310
4758.58	795214880
4757.68	19984134230
4756.81	20368350880
4756.61	3999739260
4755.40	12524677700
4753.29	23980754330
4752.77	22708567860
4752.71	13823386360
4751.75	4145348910
4749.72	13157648550
4749.62	8704860040
4747.37	39745031020
4747.16	22073405750
4746.13	33537008340
4746.11	35016173780
4745.86	9492447530
4744.44	11252593290
4742.41	22207920910
4742.31	42634561560
4742.09	17459719970
4741.80	38019337610
4740.74	706822940
4740.74	37379475490
4740.50	3286712450
4738.54	19788803030
4738.29	27289784550
4738.22	42229441900
4738.22	18055547380
4736.54	31536137490
4735.64	28281516190
4735.46	9107296860
4734.33	24323770650
4733.94	29157444740
4733.30	12987200620
4733.10	15927957630
4732.37	24671355150
4731.63	735454610
4731.36	34289118680
4730.71	17639780330
4730.36	27478652080
4730.21	7949039770
4730.09	37526891380
4727.60	16067712950
4727.57	25325154500
4727.16	39711321570
4726.43	34393934270
4726.36	5448849210
4724.53	22355254920
4723.61	1098531090
4722.97	29531462300
4721.50	29761615610
4720.23	1727845850
4718.80	22613712700
4715.02	20333904190
4714.41	5588276690
4713.84	3792573030
4710.51	25429888210
4708.48	40922111480
4705.81	10417309800
4705.53	39631776270
4705.45	28787476580
4699.37	21572667740
4699.01	12617267020
4691.53	27419667200
4690.59	29715171240
4689.95	33424818630
4685.59	8675818790
4684.30	37364577920
4681.36	15607077130
4679.59	3565359950
4679.38	5281254230
4675.79	34355950120
4670.38	20620483190
4667.42	41941081660
4664.00	8804102910
4661.69	18123257490
4656.75	21601953490
4652.40	617328490
4652.20	42735458280
4646.28	12957996770
4639.99	41862013070
4639.70	17154145610
4637.01	19557665920
4634.09	39607759410
4632.43	21249643720
4630.99	16033920280
4627.79	17494086060
4627.03	41389092690
4626.50	5554649180
4625.09	2852414880
4624.82	24565802120
4624.54	1330242180
4623.88	39479225350
4622.93	34241467210
4619.42	24896017670
4618.88	27462388850
4617.51	4372530960
4616.20	15032597910
4614.83	32112142670
4613.11	34025788390
4611.29	9950403170
4610.31	39453889860
4609.99	37882615790
4603.45	6514590260
4601.96	19739364920
4598.75	2321967500
4592.15	11148923340
4591.30	29327783870
4589.38	42711649220
4589.01	24084670140
4588.11	17689875060
4585.10	2734447050
4584.30	35834917500
4581.45	22448595990
4579.69	20504279300
4577.92	19062130180
4577.35	5068928300
4572.42	3627495980
4571.44	11792900720
4570.45	40692530270
4565.72	8625478580
4565.35	23810307520
4564.52	10751854160
4563.95	23440372960
4563.61	17965681480
4563.50	18335648040
4562.20	10647300590
4542.46	21802985530
4542.21	28683643890
4536.84	3432157670
4479.68	20421640210
4474.69	13880198170
4451.71	26721735690
3962.19	31710788130
3957.45	25166893450
3934.34	32217025200
3926.25	39429212520
3914.64	6538911480
3900.34	11641469590
3891.51	27450184270
3889.19	22921122310
3859.63	136784370
3858.38	18701777610
3853.35	42575060320
3853.19	42106297110
3845.98	2460411140
3842.69	29727250820
3842.42	11134586080
3842.23	6318472380
3841.42	9230577030
3841.15	30948507140
3835.86	37488020070
3834.57	38978588620
3834.52	36217646380
3832.71	4702734030
3832.54	25870571580
3829.28	14731833420
3827.81	25194860470
3826.97	29670930750
3825.35	22786473480
3825.22	6267553250
3825.16	27780440720
3823.62	24537743140
3821.14	20716635950
3820.52	16061720340
3820.30	33214855930
3820.00	39032024530
3819.90	31081709340
3819.17	3101941800
3818.63	28994491920
3817.03	3413690970
3816.23	40094049970
3815.00	2633824400
3814.28	10051306930
3813.99	33930291640
3813.82	32823930330
3813.47	6797012990
3811.17	22672736150
3810.89	14848663650
3810.08	21111200000
3810.03	13500663590
3808.99	20793885570
3806.94	587265110
3805.26	34850912160
3804.23	39187509050
3804.18	2837956090
3803.65	6156182920
3803.24	39140855320
3802.08	26977912810
3801.73	34795084050
3801.24	35070158480
3800.59	40166946730
3798.58	26855565000
3798.29	15249357070
3797.05	41950668680
3796.46	9388691480
3796.01	42152027760
3795.68	26427890870
3794.06	29926687520
3785.97	34539875100
3785.94	12444478360
3785.67	37209095240
3784.23	9761536820
3783.96	41578204740
3783.83	2882025100
3779.25	4725234930
3778.38	27257549300
3778.18	19379119050
3777.41	36333166850
3775.35	7400338530
3774.89	1195024330
3774.54	30739050970
3773.34	22230981740
3773.17	23097250030
3771.10	37896620370
3769.73	19524564430
3768.40	1089551500
3766.76	39291095120
3765.73	40004019550
3764.94	4660952310
3763.89	17804954800
3763.72	5964370670
3762.11	3839339620
3761.98	12930075870
3761.86	20349123980
3761.76	7632295220
3761.42	21629564270
3757.54	37665073220
3757.47	928089560
3755.60	19630608840
3755.52	1167458320
3755.46	20637481500
3753.97	12891109000
3753.36	1436290790
3753.20	23469496190
3752.86	13422590500
3751.33	7935534630
3749.56	17677324600
3748.19	8955701770
3747.73	26990941910
3746.53	11763859470
3745.96	35801664290
3745.82	25091355980
3743.33	41422720220
3741.98	2004652830
3741.41	31340020730
3741.20	37228045540
3741.04	4473477280
3740.79	27238296760
3740.20	28845946470
3739.84	17125073270
3739.65	5097478050
3739.11	24878534330
3739.03	5527083190
3738.64	42123295420
3738.55	4498810370
3736.84	19708439770
3735.80	34907420420
3735.60	19246244610
3735.58	24044570590
3734.35	4219215990
3732.15	39769893670
3731.65	8413144030
3729.10	15049694890
3728.31	1632407630
3728.29	38032528310
3728.24	10964236730
3727.71	40199357860
3727.55	42887776860
3726.94	23043207520
3725.93	1557392640
3723.97	36126306480
3723.95	16418756430
3723.92	5753466520
3723.58	28664248270
3723.47	28125946370
3722.72	12560946950
3722.56	42335716200
3721.90	33839173150
3721.83	40865259690
3721.33	4680509130
3720.65	10474502330
3720.54	23598025130
3719.13	1936927660
3719.10	10091772810
3718.12	5458470420
3717.75	8449023340
3717.42	24098667120
3716.99	6677356480
3716.96	4256800980
3716.92	25705357590
3716.28	3640486400
3716.00	11186155630
3715.96	13581355050
3715.92	17731285350
3715.62	29038947830
3715.28	40576902810
3714.97	33125973750
3714.48	27620041000
3714.30	29341312130
3713.64	2149348440
3713.59	20485825320
3713.01	8204167010
3712.57	13606299760
3712.22	26165011370
3711.93	29690308610
3711.38	4885961690
3711.34	9078091730
3710.68	29897646270
3709.62	26322008800
3708.97	36715898770
3708.96	22496280670
3708.68	32983064220
3707.70	19367566980
3707.53	10518206360
3706.74	26505781780
3706.13	17756704100
3705.83	14225820550
3705.39	17420262800
3704.85	22043626600
3704.55	13189954040
3704.10	14839962940
3702.86	23421757900
3702.45	37345192620
3702.00	40818524680
3701.89	9216118220
3701.36	41710354970
3701.12	3595062130
3700.37	30372860600
3700.05	20225523450
3698.79	1424191160
3698.77	41022835680
3698.57	32429405530
3698.50	723418670
3697.76	38732333860
3697.46	12737074670
3697.07	17048019360
3696.84	9645760880
3695.83	1576496940
3695.52	34221905230
3695.51	7236145940
3694.82	29475036120
3693.00	27568643190
3692.79	11213147740
3692.28	26944285300
3691.08	26514713440
3690.89	28547861120
3690.61	17247502340
3690.05	11811815100
3689.83	36680079760
3689.34	3883421730
3688.93	14087371760
3688.18	10381673820
3688.09	25079893330
3687.99	37497452600
3687.29	28249018800
3687.25	15214910320
3686.83	15851689170
3686.65	7014616980
3685.36	18103531350
3685.34	21671380760
3685.27	38285370020
3685.14	39520717460
3684.89	33518076120
3684.67	22304940
3684.30	41205960980
3684.20	31592810040
3683.87	20519536070
3683.23	41797762910
3682.41	19075847720
3682.18	22258745920
3680.32	40539380360
3679.65	2053310790
3678.86	31960314970
3677.82	20978367090
3677.81	40233805850
3677.37	3674115230
3676.65	30109982420
3676.20	9916693740
3675.64	24017811820
3675.34	40217286920
3675.07	16707112990
3673.12	34761374620
3672.94	41285513410
3672.60	29293337120
3672.57	5127940860
3671.90	17597615740
3671.77	18995321300
3671.41	5737205770
3671.41	29914193420
3671.29	35674517860
3671.03	1542214050
3670.87	32412813640
3670.19	37046347260
3670.07	10128950040
3668.96	16275437100
3668.30	25105329760
3667.55	33296317980
3667.51	38373434360
3667.20	6923603560
3666.26	32672298190
3666.26	1224064340
3663.59	25720331700
3663.33	31982065080
3662.99	11387965380
3662.89	39215787910
3662.43	9371601940
3662.01	31380551820
3661.95	42510860880
3661.62	3126313290
3660.66	8157796800
3660.52	4839581100
3659.36	28499119860
3658.61	23842666420
3658.36	41405566800
3657.91	35551231760
3657.88	4632566360
3657.85	14210659780
3656.91	19512651250
3656.11	31169609760
3655.79	2719213400
3655.74	27702371340
3655.69	41968139300
3655.42	15989806650
3655.23	10552079670
3655.11	15138806380
3655.01	25463598940
3654.05	24612127530
3653.85	35228505790
3653.23	382668720
3651.47	9934120640
3650.97	35966889800
3650.27	10928310120
3648.78	31670387300
3648.65	12415907220
3648.51	40784733350
3647.23	2748254710
3646.27	2407110730
3646.24	31930771430
3644.80	19890221390
3643.99	38301556390
3643.41	39387002110
3643.35	13019613490
3642.61	36257062830
3642.60	32506329430
3642.31	17213137530
3639.75	39838897700
3638.93	15695469830
3638.83	32805172070
3638.15	34776663470
3638.03	16836713030
3637.67	21439166670
3637.07	14434309050
3636.84	33002472720
3636.58	37093219690
3636.20	16431777650
3635.84	10504391060
3635.80	39305983570
3635.49	19090761850
3635.03	28878220350
3634.71	23455632450
3634.66	18319046010
3634.25	12098998330
3633.83	16629699570
3633.68	13640091150
3633.62	28708588600
3633.50	8359650730
3632.69	33017429010
3632.59	35471522700
3632.53	38745677960
3632.02	28754932970
3631.95	35344056570
3630.06	7222446360
3629.87	34552066960
3629.70	11778022450
3629.58	6662087010
3629.20	42258728930
3629.19	3467096820
3629.15	12178215350
3628.91	32165349420
3627.97	24233084310
3627.29	15231394610
3626.80	11489665890
3626.35	13312804750
3625.27	41679781940
3623.95	17842451570
3623.80	26288135550
3623.55	25368253250
3623.13	15468960450
3622.72	24462215090
3621.93	40284035180
3621.76	10680519500
3621.69	9963406430
3621.15	22384376870
3620.90	42309025210
3620.85	33562857690
3620.26	26147092630
3620.01	19996799850
3619.95	18145635630
3619.76	15974968040
3619.73	7808833600
3619.43	19496096560
3618.67	997112650
3618.34	37867415260
3618.28	34009508580
3618.01	30820233430
3617.36	7429625580
3616.91	24952910740
3616.59	29260949550
3616.56	40656280380
3616.42	3493727830
3616.23	41376362990
3616.17	29989151890
3615.63	2437707560
3613.77	37179972070
3613.75	36763065300
3613.49	41886482610
3613.01	42482312430
3612.26	23922539400
3612.25	14978080420
3612.05	5825926150
3610.51	36100509810
3610.50	16305169920
3608.71	23072903250
3608.64	2133183690
3608.64	11940315430
3608.06	38094541010
3605.18	28163169440
3603.93	14452609030
3603.30	38162247120
3602.93	26008689060
3601.45	30957289290
3601.14	20997481550
3600.55	11311041560
3598.05	10706253310
3597.93	4126565010
3597.61	8658493850
3597.59	41758015240
3597.45	8907691160
3596.94	7876143330
3596.33	33631448520
3595.48	42464181330
3595.32	27266272090
3594.40	469257260
3594.26	17568493810
3593.30	23634179320
3593.20	42923996270
3591.20	18352755460
3590.43	24750572770
3589.90	18517878590
3589.78	35938421990
3589.29	38884122480
3588.36	8779246530
3588.25	40630887310
3588.23	18732784040
3588.14	6083812630
3587.16	2425554550
3586.74	11358760250
3586.64	5021279860
3586.59	36464222340
3586.47	5051180800
3586.19	6998044470
3586.01	34038630490
3585.11	36514865610
3584.52	40709775970
3584.39	17393525650
3584.30	17516597120
3584.28	6285172190
3584.04	26794142020
3583.79	14825602800
3583.74	35711634790
3583.59	35504456210
3583.10	27731411330
3581.69	31449220670
3581.39	42423288980
3581.33	30702260140
3580.82	10629658450
3580.38	18306362310
3580.31	19171778460
3580.06	13805321780
3579.79	16003516550
3579.70	16800539780
3579.46	8242747300
3579.45	13067236720
3579.30	16123799480
3579.19	23871953450
3579.14	298907750
3577.99	12599635040
3577.68	30319531260
3577.64	3919703680
3577.31	31577586410
3576.83	9668575970
3576.76	24598814230
3576.64	21494925280
3575.77	22630989040
3575.53	17259863080
3574.89	39014755950
3574.87	5954826080
3574.83	19586946220
3574.57	28463215190
3574.21	20293173160
3573.91	35919138650
3573.35	36057247220
3573.25	21955399500
3572.47	1345114730
3571.77	33229030190
3571.48	16258356710
3571.41	40997153490
3571.20	42599417420
3570.75	8066291260
3570.37	35088791580
3569.78	31141223870
3569.46	24739102140
3569.25	13275559740
3568.55	454390430
3568.28	4384431260
3567.52	1712548040
3567.50	14018642610
3567.47	31969233140
3567.20	31153405570
3566.77	5572094160
3566.69	41173609530
3566.29	2558756030
3565.36	10422400
3563.32	24165497140
3562.72	19959189500
3562.70	11516330480
3561.90	7414688350
3561.29	30440205930
3561.03	37475948250
3559.27	27867488070
3557.73	28574872610
3557.10	1011778110
3557.09	16677416240
3555.39	4545158020
3554.57	22414229880
3554.15	12145635560
3553.10	40016254960
3553.07	21422934140
3552.70	33135346600
3551.95	15762875460
3551.00	37790001760
3550.02	12865440410
3550.01	23672327310
3549.69	26583619010
3549.23	21696821130
3548.73	10887313150
3547.04	7552805270
3546.09	37744171270
3544.91	2700654420
3543.31	29176190120
3542.15	7509988080
3541.59	21508445900
3541.15	21917921790
3540.45	30543262450
3539.89	26349493050
3537.20	30622805790
3537.04	1300332200
3535.50	32795545400
3534.59	12678850780
3534.39	28720650100
3534.08	36437122630
3533.06	30853862200
3531.99	32599756160
3527.67	9462694180
3527.51	39002738400
3526.24	13054061500
3524.87	36290773520
3522.20	12574772410
3522.04	15860689100
3516.79	19719820660
3511.80	6294627440
3511.29	41010704750
3508.47	9655410910
3507.93	14973592230
3499.73	21350610210
3498.96	22658555050
3498.15	34143693820
3493.52	3113983350
3493.03	14135463050
3493.00	435629730
3492.63	27151340830
3490.99	28865508610
3488.73	25792765850
3487.41	34643461190
3487.26	38618005290
3487.12	35205612930
3484.29	7352986170
3483.66	11899059520
3483.45	15772297680
3483.01	38319162650
3482.88	4858477440
3482.79	27542955220
3482.70	42082600490
3482.13	23331564240
3481.98	31035425240
3481.21	35045213770
3480.39	25734643320
3480.38	32093517170
3479.67	24829787200
3476.76	6980742410
3476.29	26211375570
3476.26	18444424920
3475.14	34422837890
3474.37	19354993320
3472.46	40142136470
3472.38	13719800290
3471.11	21410043440
3469.73	14196616680
3467.36	32930184510
3467.26	9254547770
3466.11	18713216900
3465.69	19409059830
3465.65	7711020040
3465.28	20597769290
3465.27	37588642200
3464.95	21226817380
3463.79	7179744110
3463.18	17306443710
3462.82	12774919190
3461.39	11498560060
3460.46	34063493120
3459.85	23061328460
3454.52	14877113950
3445.52	29024570780
3443.13	32773182580
3442.76	34260732790
3440.61	14568862360
3440.29	38791275230
3434.49	26033489160
3423.26	29554444560
3398.93	20938458100
3397.75	21785048710
3396.27	3254271260
3388.59	23293367990
3375.82	5258205290
3374.60	18957887890
3348.53	2345464480
3330.30	16496045000
3319.67	25582215020
2622.67	13451143560
2619.71	28524861100
2618.72	30672163200
2614.53	26477492760
2610.11	33164762500
2605.84	34965505990
2595.62	42180494350
2589.07	9159275390
2585.67	15827060590
2578.40	19685291110
2578.00	34350271610
2574.15	34199030130
2572.78	37258438960
2568.05	6078112180
2562.93	7576793770
2562.26	32676678780
2562.13	39221875140
2560.46	29818755160
2559.82	37720492730
2558.90	27361465250
2555.87	22460644650
2555.82	25384545760
2500.81	24774942430
2500.13	15002058760
2498.86	24929201560
2495.66	19194266640
2494.64	183032180
2492.75	18580342940
2478.26	27598209610
2477.02	24073313250
2474.63	11157728210
2471.01	2553952780
2467.43	2588481410
2464.22	6112396330
2464.21	30980824950
2463.44	14607765230
2462.57	25991608670
2460.41	12713216850
2459.44	21646562580
2458.79	16235660890
2458.75	29852629750
2458.40	16201214180
2458.23	3310099390
2456.97	22520438370
2452.58	20816110310
2450.52	38879338290
2450.06	7088731970
2449.14	36071624270
2448.33	25957981120
2442.75	212317930
2438.23	14641474640
2427.62	32171095710
2424.74	20849902920
2412.25	24957586230
2406.84	32142464000
2402.49	12915617060
2402.15	34936956200
2398.38	9187660000
2397.25	4991352120
2392.85	17443619100
2392.25	38908461500
2391.91	7059690700
2390.76	22859968660
2389.14	34379475460
2385.24	11699592100
2384.57	27390751020
2381.19	36486561960
2377.03	10656651360
2376.57	29061297610
2372.57	40680407280
2367.97	32642232050
2355.94	41148822150
2354.37	9516965910
2347.55	37292231630
2317.21	41115112680
2310.03	9550593400
2308.02	19165716910
2306.84	4962720470
2302.57	22830927370
2301.49	11728715290
2301.06	18609546770
2296.96	3343973920
2294.88	22814744740
2293.59	3444370360
2291.02	20667196560
2286.81	29095826260
2285.49	40043873340
2276.20	5926892620
2275.95	22554722540
2268.53	1395126260
2253.17	4528077630
2252.34	8387458710
2250.41	42280953350
2249.02	1034297090
2243.76	25051173870
2241.19	17701367770
